state	inc2000	inc2004	inc2007	rep1996	rep2000	rep2004	rep2008	vote1996	vote2000	vote2004	vote2008	hsp2000	hsp2004	hsp2007	pop1996	pop2000	pop2004	pop2007
AL	40254	38111	40232	0.537	0.576	0.629	0.609	1534349	1672551	1883449	2099819	0.008665757	0.005194396	0.008563185	3189908	3274959	3260052	3396400
AK	63701	54627	60124	0.604	0.679	0.632	0.611	241620	285560	312598	326197	0.030610819	0.033191123	0.043257347	410537	422171	430115	472937
AZ	46412	42590	47750	0.488	0.533	0.553	0.543	1404405	1534113	2012585	2303838	0.150813698	0.163861504	0.169889652	3126490	3391920	3600504	3976593
AR	39959	33948	39279	0.406	0.528	0.549	0.602	884262	921781	1054945	1086617	0.013557548	0.018594747	0.01721862	1872144	1956401	1944205	2040814
CA	56128	49894	55864	0.428	0.438	0.45	0.377	10019484	10965856	12419857	13577265	0.193492151	0.220199754	0.226928136	18890220	20011897	20684460	21780230
CO	55856	51022	57333	0.508	0.545	0.524	0.455	1510704	1741365	2130330	2401361	0.114491697	0.123293985	0.1243538	2786029	2991230	3074343	3306059
CT	65173	55970	62893	0.396	0.407	0.447	0.387	1392614	1459525	1578769	1646793	0.067120625	0.077325125	0.08083811	2381239	2404626	2361755	2465978
DE	57426	50152	54310	0.414	0.433	0.462	0.374	270845	327622	375190	412616	0.025777837	0.031022124	0.031580142	542595	566378	582004	616875
DC	49276	43573	54812	0.099	0.095	0.095	0.066	185726	201894	227586	265853	0.0326369	0.046437313	0.037207948	408215	409659	367700	425823
FL	45818	40171	46142	0.468	0.5	0.525	0.486	5303794	5963110	7609810	8410320	0.112679842	0.130158681	0.135271617	10410858	11090351	11558430	12359799
GA	49721	43217	49387	0.506	0.56	0.584	0.526	2299071	2596804	3301875	3932158	0.020079128	0.020274852	0.02345373	5309722	5677388	5796787	6354000
HI	62112	53123	63164	0.357	0.402	0.456	0.27	360120	367951	429013	453568	0.058144952	0.062994038	0.065847712	824066	841466	848366	908475
ID	45234	42519	47876	0.608	0.708	0.693	0.63	491719	501621	598447	657430	0.038978673	0.040416809	0.048982036	829161	891154	940574	1016883
IL	55034	45787	51320	0.404	0.438	0.448	0.373	4311391	4742123	5274322	5525480	0.064217101	0.078903126	0.079871646	8254514	8374872	8314246	8689404
IN	49117	43003	46407	0.531	0.58	0.604	0.495	2135842	2199302	2468002	2753025	0.0202308	0.02006522	0.023050315	4319705	4409959	4319813	4566532
IA	45969	43042	49262	0.443	0.498	0.503	0.451	1234075	1315563	1506908	1537123	0.013030175	0.022527756	0.017560392	2114567	2143256	2128441	2200862
KS	48479	43725	46659	0.601	0.609	0.629	0.576	1074300	1072216	1187756	1238416	0.036511356	0.033945245	0.044666456	1864263	1902011	1900001	1968569
KY	39567	37396	39678	0.495	0.577	0.6	0.582	1388708	1544187	1795860	1827586	0.007410746	0.007366925	0.008116125	2904183	3002127	2999216	3139306
LA	37307	35523	39461	0.434	0.539	0.573	0.595	1783959	1765656	1943106	1960761	0.018569871	0.021154665	0.020039332	3114469	3198676	3167481	3176054
ME	44077	39395	47160	0.373	0.472	0.454	0.412	605897	651817	740752	731163	0.006268194	0.005573034	0.008022383	929970	959128	981512	1017902
MD	63148	56763	65124	0.414	0.415	0.434	0.371	1780870	2025480	2386678	2631596	0.021948707	0.026529758	0.027112182	3603720	3699170	3752277	3897178
MA	59962	52354	58286	0.314	0.352	0.373	0.368	2556785	2702984	2912388	3080985	0.042463941	0.048358541	0.052242533	4385268	4473678	4322587	4541338
MI	52239	44476	49394	0.427	0.474	0.483	0.416	3848844	4232711	4839252	5009203	0.021687981	0.02477492	0.024358033	6996408	7106240	7052818	7336635
MN	57496	55914	57815	0.406	0.487	0.482	0.448	2192640	2438685	2828387	2910369	0.013961505	0.017687021	0.017084214	3372145	3499766	3572337	3727125
MS	39406	33659	35971	0.527	0.586	0.599	0.566	893857	994926	1152365	1289865	0.008278764	0.008541302	0.010085453	1969682	2048615	2042897	2112845
MO	44724	43988	45834	0.465	0.517	0.536	0.501	2158065	2359892	2731364	2927614	0.013180922	0.01703586	0.016624082	3976168	4097513	4113793	4309832
MT	39857	35201	41852	0.517	0.637	0.605	0.512	407261	410997	450445	491092	0.014067034	0.015538459	0.01992599	647345	663395	687713	717204
NE	45006	44623	49861	0.606	0.652	0.668	0.576	677415	697019	778186	801281	0.026099063	0.034154488	0.032666248	1199190	1216787	1222182	1253863
NV	51052	46984	53008	0.494	0.519	0.513	0.436	464279	608970	829587	967848	0.096150997	0.109702158	0.121736032	1150600	1316055	1461448	1591353
NH	61368	57352	63942	0.444	0.507	0.493	0.451	499175	569081	677738	710970	0.011692092	0.012148901	0.014558429	857349	903089	927409	976479
NJ	65350	56772	65933	0.4	0.418	0.466	0.421	3075807	3187226	3611691	3877323	0.08765927	0.105701997	0.102451378	5561310	5644115	5631729	5810854
NM	40248	37587	42295	0.46	0.5	0.504	0.423	556074	598605	756304	830158	0.355715644	0.372739318	0.376037333	1182863	1228768	1273233	1338649
NY	52658	44228	49546	0.34	0.369	0.407	0.364	6316129	6822668	7391036	7640640	0.104220636	0.117940647	0.115159138	12302696	12478901	12448821	12968211
NC	45493	39000	43035	0.525	0.565	0.562	0.498	2515807	2911262	3501007	4310789	0.01579726	0.018059902	0.020085992	5530217	5825314	5819633	6333120
ND	41390	39594	44743	0.539	0.647	0.639	0.544	266411	288267	312833	317722	0.008276583	0.009229382	0.013616546	476620	476646	465795	483970
OH	47854	44160	47750	0.464	0.518	0.511	0.477	4534434	4705457	5627908	5721374	0.013856642	0.016075016	0.015681076	8238504	8317383	8221578	8508472
OK	41100	38281	41046	0.544	0.611	0.656	0.656	1206713	1234229	1463758	1462661	0.026410932	0.032396913	0.03126274	2404108	2489348	2475421	2580388
OR	47066	42617	48521	0.453	0.498	0.479	0.416	1377760	1533968	1836782	1827864	0.032556487	0.04136171	0.041047025	2317712	2417982	2488195	2630081
PA	47753	44286	49155	0.448	0.479	0.487	0.448	4506118	4913119	5769590	6013397	0.022743452	0.026377101	0.028780215	9098007	9144434	8904087	9301355
RI	52710	46199	54009	0.31	0.343	0.394	0.358	390284	409112	437134	471766	0.041412839	0.056247819	0.055411066	731108	746242	733664	759379
SC	43874	39326	42561	0.532	0.581	0.586	0.545	1149457	1383777	1617730	1920969	0.011127139	0.010607664	0.012744548	2777754	2943524	2953525	3169983
SD	41949	40518	46321	0.519	0.616	0.609	0.543	323826	316269	388215	381975	0.007201957	0.010047752	0.013363308	531856	542908	546988	583164
TN	44018	38550	41632	0.487	0.52	0.572	0.576	1894105	2076181	2437319	2601982	0.009666801	0.010243816	0.010614859	4027153	4202114	4232212	4476178
TX	47437	41275	44861	0.527	0.61	0.615	0.559	5611644	6407637	7410765	8086684	0.223200309	0.24595141	0.243677287	12531791	13305564	13737189	14671511
UT	54827	50614	55974	0.62	0.717	0.733	0.645	665629	770754	927844	956061	0.048266834	0.061668809	0.055317031	1326919	1425513	1516423	1657410
VT	48769	45692	51566	0.368	0.446	0.397	0.311	258449	294308	312309	325046	0.00712099	0.007364963	0.00935587	435687	451763	455671	478630
VA	56740	53275	57679	0.511	0.541	0.541	0.468	2416642	2739447	3198367	3723260	0.022773881	0.02546283	0.02804813	4864015	5053684	5069468	5423891
WA	54478	48688	56049	0.428	0.471	0.464	0.413	2253837	2488745	2859084	3052786	0.038944603	0.048608928	0.044705011	3905285	4086728	4248952	4453550
WV	35024	32589	40103	0.416	0.532	0.565	0.567	636459	648124	755887	713854	0.005439479	0.00442418	0.006299609	1393074	1395538	1381499	1406754
WI	50821	47220	50619	0.441	0.499	0.498	0.429	2196169	2598607	2997007	2983417	0.019544076	0.022763563	0.024381753	3808099	3895605	3934138	4121976
WY	46493	43641	48205	0.575	0.71	0.703	0.666	211571	218351	243428	254658	0.046473121	0.047597994	0.052209434	348691	361155	368671	382383
National	50467.98108	44983.70067	49995.04042	0.444035608	0.487904086	0.502881201	0.462963394	96275401	105417475	122293548	131442598	0.073880941	0.084852063	0.086695083	186434199	193377166	195322358	205883256
